-0.033 -1.5 0.2 5.9 400 10 1 0 0 0 0 0 0 2 0 1 12 0 1 0
0.01,0.05,0.1,0.15,0.2,0.25,0.35,0.6,0.92,1.32,1.6,2,,,
1.39,1.39,1.39,1.39,1.39,1.39,1.39,1.39,1.39,1.39,1.39,1.39,,,
0.36,0.36,0.36,0.36,0.36,0.36,0.36,0.36,0.36,0.36,0.36,0.36,,,
0.16,0.16,0.16,0.16,0.16,0.16,0.16,0.16,0.16,0.16,0.16,0.16,,,
8.824,8.824,8.824,8.824,8.824,8.824,8.824,8.824,8.824,8.824,8.824,8.824,,,
8.824,8.824,8.824,8.824,8.824,8.824,8.824,8.824,8.824,8.824,8.824,8.824,,,
240,240,240,240,240,240,240,240,240,240,240,240,,,
480,480,480,480,480,480,480,480,480,480,480,480,,,
0.0E-02,0.0E-02,0.0E-02,0.0E-02,0.0E-02,0.0E-02,0.0E-02,0.0E-02,0.0E-02,0.0E-02,0.0E-02,0.0E-02,,,
0.0,0.0,0.0,0.0,0.0,0.0,0.0,0.0,0.0,0.0,0.0,0.0,,,
5.9,5.9,5.9,5.9,5.9,5.9,5.9,5.9,5.9,5.9,5.9,5.9,,,
24.5,24.5,24.5,24.5,24.5,24.5,24.5,24.5,24.5,24.5,24.5,24.5,,,
2.0,2.0,2.0,2.0,2.0,2.0,2.0,2.0,2.0,2.0,2.0,2.0,,,
95.2,20,17,14,12.6667,11.3333,9.5,7,5.4,4.68,4.4,4,,,
2,2,2,2,2,1,0,0,0,0,0,0,,,
1960,1960,1960,1960,1960,658,372,482,400,264,136,91,,,
245,245,245,245,245,82,47,60,50,33,17,11,,,
0,0,0,0,0,0,0,0,0,0,0,0,,,
5,5,5,5,1,1,1,1,1,1,1,1,,,
25,25,25,25,10,10,10,10,10,10,10,10,,,
1000,1000,1000,1000,1000,1000,1000,1000,1000,1000,1000,1000,,,
0,0,0,0,0,0,0,0,0,0,0,0,,,
100,100,100,100,100,100,100,100,100,100,100,100,,,
120,120,120,120,120,120,120,120,120,120,120,120,,,
23,23,23,23,23,23,23,23,23,23,23,23,,,
39,39,39,39,39,39,39,39,39,39,39,39,,,
48,48,48,48,48,48,48,48,48,48,48,48,,,
35,35,35,35,35,35,35,35,35,35,35,35,,,
50,50,50,50,50,50,50,50,50,50,50,50,,,
50,50,50,50,50,50,50,50,50,50,50,50,,,
200,200,200,200,200,200,200,200,200,200,200,200,,,
350,350,350,350,350,350,350,350,350,350,350,350,,,
1000,1000,1000,1000,1000,1000,1000,1000,1000,1000,1000,1000,,,
2000,2000,2000,2000,2000,2000,2000,2000,2000,2000,2000,2000,,,
0,0,0,0,0,0,0,0,0,0,0,0,,,
0,0,0,0,0,0,0,0,0,0,0,0,,,
0.025,0.025,0.025,0.025,0.025,0.025,0.025,0.025,0.025,0.025,0.025,0.025,,,
0.25,0.25,0.25,0.25,0.25,0.25,0.25,0.25,0.25,0.25,0.25,0.25,,,
0.25,0.25,0.25,0.25,0.25,0.25,0.25,0.25,0.25,0.25,0.25,0.25,,,
0.6,0.6,0.6,0.6,0.6,0.6,0.6,0.6,0.6,0.6,0.6,0.6,,,
0.16,0.16,0.16,0.16,0.16,0.16,0.16,0.16,0.16,0.16,0.16,0.16,,,
3,3,3,3,3,3,3,3,3,3,3,3,,,
1,1,1,1,1,1,1,1,1,1,1,1,,,
0,0,0,0,0,0,0,0,0,0,0,0,,,
10,40,40,40,30,30,20,15,4,0,0,0,,,
0.25,1,1,1,0.75,0.75,0.5,0.375,0.1,0,0,0,,,
0.025,0.1,0.1,0.1,0.075,0.075,0.05,0.0375,0.01,0,0,0,,,
0,0,0,0,0,0,0,0,0,0,0,0,,,
0,0,0,0,0,0,0,0,0,0,0,0,,,
0,0,0,0,0,0,0,0,0,0,0,0,,,
0,0,0,0,0,0,0,0,0,0,0,0,,,
0,0,0,0,0,0,0,0,0,0,0,0,,,
0,0,0,0,0,0,0,0,0,0,0,0,,,
1 12 1 10